319	239
323	260
323	288
323	290
322	319
309	343
310	343
289	368
256	387
309	344
289	367
274	379
274	380
256	392
230	399
229	401
212	395
190	384
186	386
155	363
136	328
134	329
118	290
106	255
131	315
122	288
108	254
133	317
123	280
113	258
130	318
123	272
108	250
172	294
169	267
179	247
171	292
163	260
184	246
184	248
210	240
233	240
234	240
251	230
267	222
190	246
208	234
231	238
190	246
214	249
233	238
188	248
208	237
228	240
230	238
253	236
262	225
264	224
292	218
304	230
306	232
317	254
315	282
315	282
310	315
293	344
293	346
279	358
246	374
294	348
276	368
253	377
292	347
274	371
254	379
253	378
226	385
210	367
208	369
187	344
173	305
172	306
165	280
171	263
65	130
68	116
72	103
73	104
90	115
102	130
103	132
114	124
124	122
124	121
151	117
185	115
185	115
221	106
262	92
264	93
271	96
278	105
277	105
254	123
213	131
214	133
169	142
116	137
116	134
106	142
99	156
98	156
89	166
71	168
70	168
66	157
65	148
63	148
79	145
97	142
97	142
87	137
72	135
88	308
89	281
112	255
114	257
125	252
130	257
130	258
139	266
139	274
139	274
124	290
98	310
96	310
92	314
85	313
318	240
349	243
372	266
372	267
376	274
374	282
373	284
356	280
327	271
327	272
320	266
315	246
190	204
212	201
229	183
230	182
255	167
273	177
190	203
204	208
217	199
192	204
205	201
217	195
219	195
229	185
238	176
239	176
262	173
273	180
273	181
279	181
290	181
283	180
268	182
256	177
145	432
146	416
158	401
157	402
172	398
191	398
193	398
187	387
189	377
191	378
208	383
226	395
228	397
221	400
228	411
230	413
241	421
245	434
244	435
240	444
231	453
230	454
211	440
204	421
186	431
200	416
185	431
154	431
217	172
229	161
237	160
239	161
249	160
256	160
259	167
248	168
239	167
239	169
233	167
226	170
284	185
270	183
253	179
253	182
236	187
223	201
221	202
207	206
187	206
193	205
214	200
231	185
187	204
215	206
229	187
235	180
258	170
279	178
189	201
209	201
224	186
227	187
239	176
259	173
225	188
235	171
259	172
259	173
272	177
285	180
285	182
272	183
260	177
258	179
246	179
232	189
229	191
216	204
194	206
362	59
315	171
98	190
72	288
84	269
101	256
103	258
114	253
127	253
127	255
128	265
123	273
123	275
109	279
91	288
126	278
112	284
92	296
87	302
81	302
74	299
314	232
324	228
341	229
342	232
353	234
366	242
368	244
374	253
376	258
376	259
362	259
339	254
377	262
359	265
337	259
375	262
347	263
315	257
