109	256
108	250
106	243
104	238
103	230
100	221
98	213
97	199
97	188
97	178
98	169
100	160
100	151
102	141
106	132
111	124
117	118
126	111
132	107
140	98
148	95
157	91
166	87
174	83
182	83
196	82
209	82
224	82
235	82
245	88
259	92
269	98
280	106
282	117
287	126
291	136
299	148
309	155
318	167
319	178
319	187
319	195
316	204
311	213
311	223
318	233
319	243
322	258
322	267
323	281
324	295
323	307
321	315
314	330
311	337
307	346
301	355
294	363
280	371
269	378
258	385
245	392
232	395
222	397
212	397
203	396
195	394
192	390
186	388
179	381
172	376
167	370
162	364
154	360
150	353
144	344
141	340
137	330
134	322
132	317
130	311
129	304
126	297
122	288
118	282
117	278
115	273
113	270
111	265
