67	129
69	124
71	120
71	115
74	112
75	110
79	110
87	118
92	119
102	127
110	131
115	127
117	124
121	121
132	121
140	121
149	121
157	120
167	118
178	117
185	118
196	117
203	115
208	113
216	112
220	111
225	110
228	108
235	106
241	104
242	104
248	104
250	101
250	103
255	100
258	95
263	93
269	94
274	100
278	110
273	112
270	113
266	117
265	117
260	118
258	121
252	122
248	124
245	125
240	127
236	128
230	130
226	130
222	131
216	132
213	133
207	136
201	136
197	137
189	137
185	140
180	140
175	140
166	143
159	141
153	141
148	141
143	143
139	143
131	143
124	143
119	143
114	142
109	142
106	142
104	147
104	154
100	160
95	164
90	167
86	168
83	170
78	170
78	170
73	170
71	169
71	164
69	161
68	156
67	151
67	146
73	147
78	148
85	148
89	148
94	148
94	145
92	143
92	143
92	145
90	142
89	139
86	139
84	138
83	138
81	137
76	137
74	137
70	137
72	136
71	134
71	131
