173	277
173	271
175	267
176	264
177	261
177	260
179	255
183	252
185	249
187	249
194	248
199	248
203	248
209	247
215	247
220	245
226	244
232	242
234	242
238	239
245	238
248	236
254	233
262	231
270	230
277	230
287	232
294	235
305	241
311	247
315	253
318	260
316	276
316	283
316	295
315	304
312	314
309	321
305	329
304	333
300	340
297	343
295	347
291	350
289	355
285	360
282	361
279	366
278	368
275	371
268	375
257	381
252	380
248	380
239	380
235	380
229	378
225	376
221	372
218	368
214	363
209	360
204	355
204	353
202	349
199	346
197	341
194	337
189	332
188	330
187	325
185	321
180	311
179	305
177	301
176	298
176	293
175	288
