89	312
91	307
91	303
90	299
90	294
91	289
92	284
95	280
99	274
101	271
103	266
107	262
110	257
109	249
109	245
107	242
106	240
106	237
104	234
102	231
101	225
101	220
101	211
101	205
101	200
101	195
101	191
101	188
101	182
101	175
101	168
101	162
102	154
102	148
102	145
103	141
106	136
108	135
109	130
115	127
115	122
121	122
121	116
126	115
126	112
129	110
131	109
134	106
137	104
140	101
145	97
149	96
154	93
163	91
171	88
179	87
186	85
195	85
202	83
214	85
225	85
233	85
240	88
248	87
257	90
264	93
272	100
280	107
285	117
290	126
293	136
297	145
303	151
308	159
311	162
314	170
319	180
320	188
320	194
319	204
316	207
314	210
311	218
315	224
318	230
326	237
335	242
342	244
345	247
349	247
353	248
358	251
361	254
366	255
370	260
371	265
378	272
377	281
369	283
366	283
362	281
354	281
353	281
351	280
349	280
347	278
340	278
339	277
335	278
333	276
329	276
329	280
329	288
329	293
328	303
324	312
319	325
318	328
313	335
308	347
306	347
304	349
301	353
297	360
294	362
290	365
285	368
282	373
279	376
277	377
274	379
269	383
261	390
255	391
249	393
245	394
241	395
237	397
233	397
229	400
225	404
231	413
239	418
244	424
248	436
245	443
241	447
237	452
232	459
230	454
227	450
224	448
223	447
221	442
217	439
213	436
211	434
209	432
208	427
207	421
207	418
204	418
200	419
196	423
193	427
190	427
182	428
177	430
174	430
169	431
163	431
156	432
153	432
150	430
151	424
151	421
152	414
158	408
163	405
168	404
175	404
183	404
187	404
191	404
197	399
195	398
195	395
192	392
192	391
188	388
183	386
179	381
175	378
172	375
169	372
166	370
163	366
160	361
157	358
153	357
151	354
148	348
147	343
143	338
141	333
139	329
137	324
136	319
134	314
132	310
131	303
130	297
129	292
127	291
124	292
121	296
118	300
113	302
109	306
106	311
102	314
97	316
95	318
94	316
92	318
90	315
